000 00901 00000000 00000001 00000000 00000000 00000000 00000000 00000000 00000000 00000000 00000000 00000000 00000000 00000000 00000000 00000000 00000000 
002 14901 00000000 00000002 00000000 00000000 00000000 00000000 00000000 00000000 00000000 00000001 00000000 00000000 00000000 00000000 00000000 00000000 
004 06E91 00000000 0000000B 00000000 00000000 00000000 00000000 00000000 00000000 00000000 00000001 00000000 00000000 00000000 00000000 00000000 00000000 
006 00901 00000000 0000003B 00000000 00000000 00000000 00000000 00000000 00000000 00000000 00000001 00000000 00000000 00000000 00000000 00000800 00000000 
008 14901 00000000 00000006 00000000 00000000 00000000 00000000 00000000 00000000 00000000 0000003B 00000000 00000000 00000000 00000000 00000800 00000000 
00A 10301 00000000 00000100 00000000 00000000 00000000 00000000 00000000 00000000 00000000 0000003B 00000000 00000000 00000000 00000000 00000800 00000000 
00C 0FF10 00000000 00000011 00000000 00000007 00000000 00000000 00000000 00000000 00000000 0000003B 00000000 00000000 00000000 00000000 00000800 00000000 
011 00EE1 00000000 FFFFFFFD 00000000 00000007 00000000 00000000 00000000 00000000 00000000 0000003B 00000000 00000000 00000000 00000000 00000800 0000000F 
013 11AE1 00000000 00000002 00000000 00000007 00000000 00000000 00000000 00000000 00000000 0000003B 00000000 00000000 00000000 00000000 000007FD 0000000F 
015 11FE1 00000000 00000001 00000000 00000007 00000000 00000000 00000000 00000000 00000000 0000003B 00000000 00000000 00000000 00000000 000007FD 0000000F 
017 113E1 00000000 00000000 00000000 00000007 00000000 00000000 00000000 00000000 00000000 0000003B 00000000 00000000 00000000 00000000 000007FD 0000000F 
019 00901 00000000 00000001 00000000 00000007 00000000 00000000 00000000 00000000 00000000 0000003B 00000000 00000000 00000000 00000000 000007FD 0000000F 
01B 0C139 00000000 00000020 00000000 00000007 00000000 00000000 00000000 00000000 00000000 00000001 00000000 00000000 00000000 00000000 000007FD 0000000F 
020 01331 00000000 00000001 00000000 00000007 00000000 00000000 00000000 00000000 00000000 00000001 00000000 00000000 00000000 00000000 000007FD 0000000F 
022 0FF10 00000000 00000011 00000000 00000006 00000000 00000000 00000000 00000000 00000000 00000001 00000000 00000000 00000000 00000000 000007FD 0000000F 
011 00EE1 00000000 FFFFFFFD 00000000 00000006 00000000 00000000 00000000 00000000 00000000 00000001 00000000 00000000 00000000 00000000 000007FD 00000025 
013 11AE1 00000000 00000002 00000000 00000006 00000000 00000000 00000000 00000000 00000000 00000001 00000000 00000000 00000000 00000000 000007FA 00000025 
015 11FE1 00000000 00000001 00000000 00000006 00000000 00000000 00000000 00000000 00000000 00000001 00000000 00000000 00000000 00000000 000007FA 00000025 
017 113E1 00000000 00000000 00000000 00000006 00000000 00000000 00000000 00000000 00000000 00000001 00000000 00000000 00000000 00000000 000007FA 00000025 
019 00901 00000000 00000001 00000000 00000006 00000000 00000000 00000000 00000000 00000000 00000001 00000000 00000000 00000000 00000000 000007FA 00000025 
01B 0C139 00000000 00000020 00000000 00000006 00000000 00000000 00000000 00000000 00000000 00000001 00000000 00000000 00000000 00000000 000007FA 00000025 
020 01331 00000000 00000001 00000000 00000006 00000000 00000000 00000000 00000000 00000000 00000001 00000000 00000000 00000000 00000000 000007FA 00000025 
022 0FF10 00000000 00000011 00000000 00000005 00000000 00000000 00000000 00000000 00000000 00000001 00000000 00000000 00000000 00000000 000007FA 00000025 
011 00EE1 00000000 FFFFFFFD 00000000 00000005 00000000 00000000 00000000 00000000 00000000 00000001 00000000 00000000 00000000 00000000 000007FA 00000025 
013 11AE1 00000000 00000002 00000000 00000005 00000000 00000000 00000000 00000000 00000000 00000001 00000000 00000000 00000000 00000000 000007F7 00000025 
015 11FE1 00000000 00000001 00000000 00000005 00000000 00000000 00000000 00000000 00000000 00000001 00000000 00000000 00000000 00000000 000007F7 00000025 
017 113E1 00000000 00000000 00000000 00000005 00000000 00000000 00000000 00000000 00000000 00000001 00000000 00000000 00000000 00000000 000007F7 00000025 
019 00901 00000000 00000001 00000000 00000005 00000000 00000000 00000000 00000000 00000000 00000001 00000000 00000000 00000000 00000000 000007F7 00000025 
01B 0C139 00000000 00000020 00000000 00000005 00000000 00000000 00000000 00000000 00000000 00000001 00000000 00000000 00000000 00000000 000007F7 00000025 
020 01331 00000000 00000001 00000000 00000005 00000000 00000000 00000000 00000000 00000000 00000001 00000000 00000000 00000000 00000000 000007F7 00000025 
022 0FF10 00000000 00000011 00000000 00000004 00000000 00000000 00000000 00000000 00000000 00000001 00000000 00000000 00000000 00000000 000007F7 00000025 
011 00EE1 00000000 FFFFFFFD 00000000 00000004 00000000 00000000 00000000 00000000 00000000 00000001 00000000 00000000 00000000 00000000 000007F7 00000025 
013 11AE1 00000000 00000002 00000000 00000004 00000000 00000000 00000000 00000000 00000000 00000001 00000000 00000000 00000000 00000000 000007F4 00000025 
015 11FE1 00000000 00000001 00000000 00000004 00000000 00000000 00000000 00000000 00000000 00000001 00000000 00000000 00000000 00000000 000007F4 00000025 
017 113E1 00000000 00000000 00000000 00000004 00000000 00000000 00000000 00000000 00000000 00000001 00000000 00000000 00000000 00000000 000007F4 00000025 
019 00901 00000000 00000001 00000000 00000004 00000000 00000000 00000000 00000000 00000000 00000001 00000000 00000000 00000000 00000000 000007F4 00000025 
01B 0C139 00000000 00000020 00000000 00000004 00000000 00000000 00000000 00000000 00000000 00000001 00000000 00000000 00000000 00000000 000007F4 00000025 
020 01331 00000000 00000001 00000000 00000004 00000000 00000000 00000000 00000000 00000000 00000001 00000000 00000000 00000000 00000000 000007F4 00000025 
022 0FF10 00000000 00000011 00000000 00000003 00000000 00000000 00000000 00000000 00000000 00000001 00000000 00000000 00000000 00000000 000007F4 00000025 
011 00EE1 00000000 FFFFFFFD 00000000 00000003 00000000 00000000 00000000 00000000 00000000 00000001 00000000 00000000 00000000 00000000 000007F4 00000025 
013 11AE1 00000000 00000002 00000000 00000003 00000000 00000000 00000000 00000000 00000000 00000001 00000000 00000000 00000000 00000000 000007F1 00000025 
015 11FE1 00000000 00000001 00000000 00000003 00000000 00000000 00000000 00000000 00000000 00000001 00000000 00000000 00000000 00000000 000007F1 00000025 
017 113E1 00000000 00000000 00000000 00000003 00000000 00000000 00000000 00000000 00000000 00000001 00000000 00000000 00000000 00000000 000007F1 00000025 
019 00901 00000000 00000001 00000000 00000003 00000000 00000000 00000000 00000000 00000000 00000001 00000000 00000000 00000000 00000000 000007F1 00000025 
01B 0C139 00000000 00000020 00000000 00000003 00000000 00000000 00000000 00000000 00000000 00000001 00000000 00000000 00000000 00000000 000007F1 00000025 
020 01331 00000000 00000001 00000000 00000003 00000000 00000000 00000000 00000000 00000000 00000001 00000000 00000000 00000000 00000000 000007F1 00000025 
022 0FF10 00000000 00000011 00000000 00000002 00000000 00000000 00000000 00000000 00000000 00000001 00000000 00000000 00000000 00000000 000007F1 00000025 
011 00EE1 00000000 FFFFFFFD 00000000 00000002 00000000 00000000 00000000 00000000 00000000 00000001 00000000 00000000 00000000 00000000 000007F1 00000025 
013 11AE1 00000000 00000002 00000000 00000002 00000000 00000000 00000000 00000000 00000000 00000001 00000000 00000000 00000000 00000000 000007EE 00000025 
015 11FE1 00000000 00000001 00000000 00000002 00000000 00000000 00000000 00000000 00000000 00000001 00000000 00000000 00000000 00000000 000007EE 00000025 
017 113E1 00000000 00000000 00000000 00000002 00000000 00000000 00000000 00000000 00000000 00000001 00000000 00000000 00000000 00000000 000007EE 00000025 
019 00901 00000000 00000001 00000000 00000002 00000000 00000000 00000000 00000000 00000000 00000001 00000000 00000000 00000000 00000000 000007EE 00000025 
01B 0C139 00000000 00000020 00000000 00000002 00000000 00000000 00000000 00000000 00000000 00000001 00000000 00000000 00000000 00000000 000007EE 00000025 
020 01331 00000000 00000001 00000000 00000002 00000000 00000000 00000000 00000000 00000000 00000001 00000000 00000000 00000000 00000000 000007EE 00000025 
022 0FF10 00000000 00000011 00000000 00000001 00000000 00000000 00000000 00000000 00000000 00000001 00000000 00000000 00000000 00000000 000007EE 00000025 
011 00EE1 00000000 FFFFFFFD 00000000 00000001 00000000 00000000 00000000 00000000 00000000 00000001 00000000 00000000 00000000 00000000 000007EE 00000025 
013 11AE1 00000000 00000002 00000000 00000001 00000000 00000000 00000000 00000000 00000000 00000001 00000000 00000000 00000000 00000000 000007EB 00000025 
015 11FE1 00000000 00000001 00000000 00000001 00000000 00000000 00000000 00000000 00000000 00000001 00000000 00000000 00000000 00000000 000007EB 00000025 
017 113E1 00000000 00000000 00000000 00000001 00000000 00000000 00000000 00000000 00000000 00000001 00000000 00000000 00000000 00000000 000007EB 00000025 
019 00901 00000000 00000001 00000000 00000001 00000000 00000000 00000000 00000000 00000000 00000001 00000000 00000000 00000000 00000000 000007EB 00000025 
01B 0C139 00000000 00000020 00000000 00000001 00000000 00000000 00000000 00000000 00000000 00000001 00000000 00000000 00000000 00000000 000007EB 00000025 
01C 00020 00000000 00000020 00000000 00000001 00000000 00000000 00000000 00000000 00000000 00000001 00000000 00000000 00000000 00000000 000007EB 00000025 
01D 00230 00000000 00000020 00000000 00000001 00000000 00000000 00000000 00000000 00000000 00000001 00000000 00000000 00000000 00000000 000007EB 00000025 
01E 09100 00000000 00000032 00000001 00000001 00000000 00000000 00000000 00000000 00000000 00000001 00000000 00000000 00000000 00000000 000007EB 00000025 
032 00EE1 00000000 00000003 00000001 00000001 00000000 00000000 00000000 00000000 00000000 00000001 00000000 00000000 00000000 00000000 000007EB 00000025 
034 00730 00000000 00000003 00000001 00000001 00000000 00000000 00000000 00000000 00000000 00000001 00000000 00000000 00000000 00000000 000007EE 00000025 
035 06771 00000000 00000010 00000001 00000001 00000000 00000000 00000000 00000001 00000000 00000001 00000000 00000000 00000000 00000000 000007EE 00000025 
037 00772 00000000 00000010 00000001 00000001 00000000 00000000 00000000 00010000 00000000 00000001 00000000 00000000 00000000 00000000 000007EE 00000025 
038 14701 00000000 0000000A 00000001 00000001 00000000 00000000 00000000 00010001 00000000 00000001 00000000 00000000 00000000 00000000 000007EE 00000025 
03A 09F00 00000000 0000000A 00000001 00000001 00000000 00000000 00000000 00010001 00000000 00000001 00000000 00000000 00000000 00000000 000007EE 00000025 
025 103E1 00000000 00000000 00000001 00000001 00000000 00000000 00000000 00010001 00000000 00000001 00000000 00000000 00000000 00000000 000007EE 00000025 
027 01331 00000000 00000002 00000001 00000002 00000000 00000000 00000000 00010001 00000000 00000001 00000000 00000000 00000000 00000000 000007EE 00000025 
029 0FF10 00000000 00000011 00000001 00000000 00000000 00000000 00000000 00010001 00000000 00000001 00000000 00000000 00000000 00000000 000007EE 00000025 
011 00EE1 00000000 FFFFFFFD 00000001 00000000 00000000 00000000 00000000 00010001 00000000 00000001 00000000 00000000 00000000 00000000 000007EE 0000002C 
013 11AE1 00000000 00000002 00000001 00000000 00000000 00000000 00000000 00010001 00000000 00000001 00000000 00000000 00000000 00000000 000007EB 0000002C 
015 11FE1 00000000 00000001 00000001 00000000 00000000 00000000 00000000 00010001 00000000 00000001 00000000 00000000 00000000 00000000 000007EB 0000002C 
017 113E1 00000000 00000000 00000001 00000000 00000000 00000000 00000000 00010001 00000000 00000001 00000000 00000000 00000000 00000000 000007EB 0000002C 
019 00901 00000000 00000001 00000001 00000000 00000000 00000000 00000000 00010001 00000000 00000001 00000000 00000000 00000000 00000000 000007EB 0000002C 
01B 0C139 00000000 00000020 00000001 00000000 00000000 00000000 00000000 00010001 00000000 00000001 00000000 00000000 00000000 00000000 000007EB 0000002C 
01C 00020 00000000 00000020 00000001 00000000 00000000 00000000 00000000 00010001 00000000 00000001 00000000 00000000 00000000 00000000 000007EB 0000002C 
01D 00230 00000001 00000020 00000001 00000000 00000000 00000000 00000000 00010001 00000000 00000001 00000000 00000000 00000000 00000000 000007EB 0000002C 
01E 09100 00000001 00000032 00000001 00000000 00000000 00000000 00000000 00010001 00000000 00000001 00000000 00000000 00000000 00000000 000007EB 0000002C 
032 00EE1 00000001 00000003 00000001 00000000 00000000 00000000 00000000 00010001 00000000 00000001 00000000 00000000 00000000 00000000 000007EB 0000002C 
034 00730 00000001 00000003 00000001 00000000 00000000 00000000 00000000 00010001 00000000 00000001 00000000 00000000 00000000 00000000 000007EE 0000002C 
035 06771 00000001 00000010 00000001 00000000 00000000 00000000 00000000 00000001 00000000 00000001 00000000 00000000 00000000 00000000 000007EE 0000002C 
037 00772 00000001 00000010 00000001 00000000 00000000 00000000 00000000 00010000 00000000 00000001 00000000 00000000 00000000 00000000 000007EE 0000002C 
038 14701 00000001 0000000A 00000001 00000000 00000000 00000000 00000000 00010001 00000000 00000001 00000000 00000000 00000000 00000000 000007EE 0000002C 
03A 09F00 00000001 0000000A 00000001 00000000 00000000 00000000 00000000 00010001 00000000 00000001 00000000 00000000 00000000 00000000 000007EE 0000002C 
02C 103E1 00000001 00000000 00000001 00000000 00000000 00000000 00000000 00010001 00000000 00000001 00000000 00000000 00000000 00000000 000007EE 0000002C 
02E 10FE1 00000001 00000001 00000001 00000002 00000000 00000000 00000000 00010001 00000000 00000001 00000000 00000000 00000000 00000000 000007EE 0000002C 
030 10AE1 00000001 00000002 00000001 00000002 00000000 00000000 00000000 00010001 00000000 00000001 00000000 00000000 00000000 00000000 000007EE 00000025 
032 00EE1 00000001 00000003 00000001 00000002 00000000 00000000 00000000 00010001 00000000 00000001 00000000 00000000 00000000 00000000 000007EE 00000025 
034 00730 00000001 00000003 00000001 00000002 00000000 00000000 00000000 00010001 00000000 00000001 00000000 00000000 00000000 00000000 000007F1 00000025 
035 06771 00000001 00000010 00000001 00000002 00000000 00000000 00000000 00000003 00000000 00000001 00000000 00000000 00000000 00000000 000007F1 00000025 
037 00772 00000001 00000010 00000001 00000002 00000000 00000000 00000000 00030000 00000000 00000001 00000000 00000000 00000000 00000000 000007F1 00000025 
038 14701 00000001 0000000A 00000001 00000002 00000000 00000000 00000000 00030001 00000000 00000001 00000000 00000000 00000000 00000000 000007F1 00000025 
03A 09F00 00000001 0000000A 00000001 00000002 00000000 00000000 00000000 00030001 00000000 00000001 00000000 00000000 00000000 00000000 000007F1 00000025 
025 103E1 00000001 00000000 00000001 00000002 00000000 00000000 00000000 00030001 00000000 00000001 00000000 00000000 00000000 00000000 000007F1 00000025 
027 01331 00000001 00000002 00000001 00000003 00000000 00000000 00000000 00030001 00000000 00000001 00000000 00000000 00000000 00000000 000007F1 00000025 
029 0FF10 00000001 00000011 00000001 00000001 00000000 00000000 00000000 00030001 00000000 00000001 00000000 00000000 00000000 00000000 000007F1 00000025 
011 00EE1 00000001 FFFFFFFD 00000001 00000001 00000000 00000000 00000000 00030001 00000000 00000001 00000000 00000000 00000000 00000000 000007F1 0000002C 
013 11AE1 00000001 00000002 00000001 00000001 00000000 00000000 00000000 00030001 00000000 00000001 00000000 00000000 00000000 00000000 000007EE 0000002C 
015 11FE1 00000001 00000001 00000001 00000001 00000000 00000000 00000000 00030001 00000000 00000001 00000000 00000000 00000000 00000000 000007EE 0000002C 
017 113E1 00000001 00000000 00000001 00000001 00000000 00000000 00000000 00030001 00000000 00000001 00000000 00000000 00000000 00000000 000007EE 0000002C 
019 00901 00000001 00000001 00000001 00000001 00000000 00000000 00000000 00030001 00000000 00000001 00000000 00000000 00000000 00000000 000007EE 0000002C 
01B 0C139 00000001 00000020 00000001 00000001 00000000 00000000 00000000 00030001 00000000 00000002 00000000 00000000 00000000 00000000 000007EE 0000002C 
01C 00020 00000001 00000020 00000001 00000001 00000000 00000000 00000000 00030001 00000000 00000002 00000000 00000000 00000000 00000000 000007EE 0000002C 
01D 00230 00000002 00000020 00000001 00000001 00000000 00000000 00000000 00030001 00000000 00000002 00000000 00000000 00000000 00000000 000007EE 0000002C 
01E 09100 00000002 00000032 00000003 00000001 00000000 00000000 00000000 00030001 00000000 00000002 00000000 00000000 00000000 00000000 000007EE 0000002C 
032 00EE1 00000002 00000003 00000003 00000001 00000000 00000000 00000000 00030001 00000000 00000002 00000000 00000000 00000000 00000000 000007EE 0000002C 
034 00730 00000002 00000003 00000003 00000001 00000000 00000000 00000000 00030001 00000000 00000002 00000000 00000000 00000000 00000000 000007F1 0000002C 
035 06771 00000002 00000010 00000003 00000001 00000000 00000000 00000000 00000003 00000000 00000002 00000000 00000000 00000000 00000000 000007F1 0000002C 
037 00772 00000002 00000010 00000003 00000001 00000000 00000000 00000000 00030000 00000000 00000002 00000000 00000000 00000000 00000000 000007F1 0000002C 
038 14701 00000002 0000000A 00000003 00000001 00000000 00000000 00000000 00030003 00000000 00000002 00000000 00000000 00000000 00000000 000007F1 0000002C 
03A 09F00 00000002 0000000A 00000003 00000001 00000000 00000000 00000000 00030003 00000000 00000002 00000000 00000000 00000000 00000000 000007F1 0000002C 
02C 103E1 00000002 00000000 00000003 00000001 00000000 00000000 00000000 00030003 00000000 00000002 00000000 00000000 00000000 00000000 000007F1 0000002C 
02E 10FE1 00000002 00000001 00000003 00000003 00000000 00000000 00000000 00030003 00000000 00000002 00000000 00000000 00000000 00000000 000007F1 0000002C 
030 10AE1 00000002 00000002 00000003 00000003 00000000 00000000 00000000 00030003 00000000 00000002 00000000 00000000 00000000 00000000 000007F1 00000025 
032 00EE1 00000002 00000003 00000003 00000003 00000000 00000000 00000000 00030003 00000000 00000002 00000000 00000000 00000000 00000000 000007F1 00000025 
034 00730 00000002 00000003 00000003 00000003 00000000 00000000 00000000 00030003 00000000 00000002 00000000 00000000 00000000 00000000 000007F4 00000025 
035 06771 00000002 00000010 00000003 00000003 00000000 00000000 00000000 00000005 00000000 00000002 00000000 00000000 00000000 00000000 000007F4 00000025 
037 00772 00000002 00000010 00000003 00000003 00000000 00000000 00000000 00050000 00000000 00000002 00000000 00000000 00000000 00000000 000007F4 00000025 
038 14701 00000002 0000000A 00000003 00000003 00000000 00000000 00000000 00050003 00000000 00000002 00000000 00000000 00000000 00000000 000007F4 00000025 
03A 09F00 00000002 0000000A 00000003 00000003 00000000 00000000 00000000 00050003 00000000 00000002 00000000 00000000 00000000 00000000 000007F4 00000025 
025 103E1 00000002 00000000 00000003 00000003 00000000 00000000 00000000 00050003 00000000 00000002 00000000 00000000 00000000 00000000 000007F4 00000025 
027 01331 00000002 00000002 00000003 00000004 00000000 00000000 00000000 00050003 00000000 00000002 00000000 00000000 00000000 00000000 000007F4 00000025 
029 0FF10 00000002 00000011 00000003 00000002 00000000 00000000 00000000 00050003 00000000 00000002 00000000 00000000 00000000 00000000 000007F4 00000025 
011 00EE1 00000002 FFFFFFFD 00000003 00000002 00000000 00000000 00000000 00050003 00000000 00000002 00000000 00000000 00000000 00000000 000007F4 0000002C 
013 11AE1 00000002 00000002 00000003 00000002 00000000 00000000 00000000 00050003 00000000 00000002 00000000 00000000 00000000 00000000 000007F1 0000002C 
015 11FE1 00000002 00000001 00000003 00000002 00000000 00000000 00000000 00050003 00000000 00000002 00000000 00000000 00000000 00000000 000007F1 0000002C 
017 113E1 00000002 00000000 00000003 00000002 00000000 00000000 00000000 00050003 00000000 00000002 00000000 00000000 00000000 00000000 000007F1 0000002C 
019 00901 00000002 00000001 00000003 00000002 00000000 00000000 00000000 00050003 00000000 00000002 00000000 00000000 00000000 00000000 000007F1 0000002C 
01B 0C139 00000002 00000020 00000003 00000002 00000000 00000000 00000000 00050003 00000000 00000003 00000000 00000000 00000000 00000000 000007F1 0000002C 
01C 00020 00000002 00000020 00000003 00000002 00000000 00000000 00000000 00050003 00000000 00000003 00000000 00000000 00000000 00000000 000007F1 0000002C 
01D 00230 00000005 00000020 00000003 00000002 00000000 00000000 00000000 00050003 00000000 00000003 00000000 00000000 00000000 00000000 000007F1 0000002C 
01E 09100 00000005 00000032 00000007 00000002 00000000 00000000 00000000 00050003 00000000 00000003 00000000 00000000 00000000 00000000 000007F1 0000002C 
032 00EE1 00000005 00000003 00000007 00000002 00000000 00000000 00000000 00050003 00000000 00000003 00000000 00000000 00000000 00000000 000007F1 0000002C 
034 00730 00000005 00000003 00000007 00000002 00000000 00000000 00000000 00050003 00000000 00000003 00000000 00000000 00000000 00000000 000007F4 0000002C 
035 06771 00000005 00000010 00000007 00000002 00000000 00000000 00000000 00000007 00000000 00000003 00000000 00000000 00000000 00000000 000007F4 0000002C 
037 00772 00000005 00000010 00000007 00000002 00000000 00000000 00000000 00070000 00000000 00000003 00000000 00000000 00000000 00000000 000007F4 0000002C 
038 14701 00000005 0000000A 00000007 00000002 00000000 00000000 00000000 00070007 00000000 00000003 00000000 00000000 00000000 00000000 000007F4 0000002C 
03A 09F00 00000005 0000000A 00000007 00000002 00000000 00000000 00000000 00070007 00000000 00000003 00000000 00000000 00000000 00000000 000007F4 0000002C 
02C 103E1 00000005 00000000 00000007 00000002 00000000 00000000 00000000 00070007 00000000 00000003 00000000 00000000 00000000 00000000 000007F4 0000002C 
02E 10FE1 00000005 00000001 00000007 00000004 00000000 00000000 00000000 00070007 00000000 00000003 00000000 00000000 00000000 00000000 000007F4 0000002C 
030 10AE1 00000005 00000002 00000007 00000004 00000000 00000000 00000000 00070007 00000000 00000003 00000000 00000000 00000000 00000000 000007F4 00000025 
032 00EE1 00000005 00000003 00000007 00000004 00000000 00000000 00000000 00070007 00000000 00000003 00000000 00000000 00000000 00000000 000007F4 00000025 
034 00730 00000005 00000003 00000007 00000004 00000000 00000000 00000000 00070007 00000000 00000003 00000000 00000000 00000000 00000000 000007F7 00000025 
035 06771 00000005 00000010 00000007 00000004 00000000 00000000 00000000 00000009 00000000 00000003 00000000 00000000 00000000 00000000 000007F7 00000025 
037 00772 00000005 00000010 00000007 00000004 00000000 00000000 00000000 00090000 00000000 00000003 00000000 00000000 00000000 00000000 000007F7 00000025 
038 14701 00000005 0000000A 00000007 00000004 00000000 00000000 00000000 00090007 00000000 00000003 00000000 00000000 00000000 00000000 000007F7 00000025 
03A 09F00 00000005 0000000A 00000007 00000004 00000000 00000000 00000000 00090007 00000000 00000003 00000000 00000000 00000000 00000000 000007F7 00000025 
025 103E1 00000005 00000000 00000007 00000004 00000000 00000000 00000000 00090007 00000000 00000003 00000000 00000000 00000000 00000000 000007F7 00000025 
027 01331 00000005 00000002 00000007 00000005 00000000 00000000 00000000 00090007 00000000 00000003 00000000 00000000 00000000 00000000 000007F7 00000025 
029 0FF10 00000005 00000011 00000007 00000003 00000000 00000000 00000000 00090007 00000000 00000003 00000000 00000000 00000000 00000000 000007F7 00000025 
011 00EE1 00000005 FFFFFFFD 00000007 00000003 00000000 00000000 00000000 00090007 00000000 00000003 00000000 00000000 00000000 00000000 000007F7 0000002C 
013 11AE1 00000005 00000002 00000007 00000003 00000000 00000000 00000000 00090007 00000000 00000003 00000000 00000000 00000000 00000000 000007F4 0000002C 
015 11FE1 00000005 00000001 00000007 00000003 00000000 00000000 00000000 00090007 00000000 00000003 00000000 00000000 00000000 00000000 000007F4 0000002C 
017 113E1 00000005 00000000 00000007 00000003 00000000 00000000 00000000 00090007 00000000 00000003 00000000 00000000 00000000 00000000 000007F4 0000002C 
019 00901 00000005 00000001 00000007 00000003 00000000 00000000 00000000 00090007 00000000 00000003 00000000 00000000 00000000 00000000 000007F4 0000002C 
01B 0C139 00000005 00000020 00000007 00000003 00000000 00000000 00000000 00090007 00000000 00000006 00000000 00000000 00000000 00000000 000007F4 0000002C 
01C 00020 00000005 00000020 00000007 00000003 00000000 00000000 00000000 00090007 00000000 00000006 00000000 00000000 00000000 00000000 000007F4 0000002C 
01D 00230 0000000C 00000020 00000007 00000003 00000000 00000000 00000000 00090007 00000000 00000006 00000000 00000000 00000000 00000000 000007F4 0000002C 
01E 09100 0000000C 00000032 0000000F 00000003 00000000 00000000 00000000 00090007 00000000 00000006 00000000 00000000 00000000 00000000 000007F4 0000002C 
032 00EE1 0000000C 00000003 0000000F 00000003 00000000 00000000 00000000 00090007 00000000 00000006 00000000 00000000 00000000 00000000 000007F4 0000002C 
034 00730 0000000C 00000003 0000000F 00000003 00000000 00000000 00000000 00090007 00000000 00000006 00000000 00000000 00000000 00000000 000007F7 0000002C 
035 06771 0000000C 00000010 0000000F 00000003 00000000 00000000 00000000 0000000F 00000000 00000006 00000000 00000000 00000000 00000000 000007F7 0000002C 
037 00772 0000000C 00000010 0000000F 00000003 00000000 00000000 00000000 000F0000 00000000 00000006 00000000 00000000 00000000 00000000 000007F7 0000002C 
038 14701 0000000C 0000000A 0000000F 00000003 00000000 00000000 00000000 000F000F 00000000 00000006 00000000 00000000 00000000 00000000 000007F7 0000002C 
03A 09F00 0000000C 0000000A 0000000F 00000003 00000000 00000000 00000000 000F000F 00000000 00000006 00000000 00000000 00000000 00000000 000007F7 0000002C 
02C 103E1 0000000C 00000000 0000000F 00000003 00000000 00000000 00000000 000F000F 00000000 00000006 00000000 00000000 00000000 00000000 000007F7 0000002C 
02E 10FE1 0000000C 00000001 0000000F 00000005 00000000 00000000 00000000 000F000F 00000000 00000006 00000000 00000000 00000000 00000000 000007F7 0000002C 
030 10AE1 0000000C 00000002 0000000F 00000005 00000000 00000000 00000000 000F000F 00000000 00000006 00000000 00000000 00000000 00000000 000007F7 00000025 
032 00EE1 0000000C 00000003 0000000F 00000005 00000000 00000000 00000000 000F000F 00000000 00000006 00000000 00000000 00000000 00000000 000007F7 00000025 
034 00730 0000000C 00000003 0000000F 00000005 00000000 00000000 00000000 000F000F 00000000 00000006 00000000 00000000 00000000 00000000 000007FA 00000025 
035 06771 0000000C 00000010 0000000F 00000005 00000000 00000000 00000000 00000011 00000000 00000006 00000000 00000000 00000000 00000000 000007FA 00000025 
037 00772 0000000C 00000010 0000000F 00000005 00000000 00000000 00000000 00110000 00000000 00000006 00000000 00000000 00000000 00000000 000007FA 00000025 
038 14701 0000000C 0000000A 0000000F 00000005 00000000 00000000 00000000 0011000F 00000000 00000006 00000000 00000000 00000000 00000000 000007FA 00000025 
03A 09F00 0000000C 0000000A 0000000F 00000005 00000000 00000000 00000000 0011000F 00000000 00000006 00000000 00000000 00000000 00000000 000007FA 00000025 
025 103E1 0000000C 00000000 0000000F 00000005 00000000 00000000 00000000 0011000F 00000000 00000006 00000000 00000000 00000000 00000000 000007FA 00000025 
027 01331 0000000C 00000002 0000000F 00000006 00000000 00000000 00000000 0011000F 00000000 00000006 00000000 00000000 00000000 00000000 000007FA 00000025 
029 0FF10 0000000C 00000011 0000000F 00000004 00000000 00000000 00000000 0011000F 00000000 00000006 00000000 00000000 00000000 00000000 000007FA 00000025 
011 00EE1 0000000C FFFFFFFD 0000000F 00000004 00000000 00000000 00000000 0011000F 00000000 00000006 00000000 00000000 00000000 00000000 000007FA 0000002C 
013 11AE1 0000000C 00000002 0000000F 00000004 00000000 00000000 00000000 0011000F 00000000 00000006 00000000 00000000 00000000 00000000 000007F7 0000002C 
015 11FE1 0000000C 00000001 0000000F 00000004 00000000 00000000 00000000 0011000F 00000000 00000006 00000000 00000000 00000000 00000000 000007F7 0000002C 
017 113E1 0000000C 00000000 0000000F 00000004 00000000 00000000 00000000 0011000F 00000000 00000006 00000000 00000000 00000000 00000000 000007F7 0000002C 
019 00901 0000000C 00000001 0000000F 00000004 00000000 00000000 00000000 0011000F 00000000 00000006 00000000 00000000 00000000 00000000 000007F7 0000002C 
01B 0C139 0000000C 00000020 0000000F 00000004 00000000 00000000 00000000 0011000F 00000000 0000000D 00000000 00000000 00000000 00000000 000007F7 0000002C 
01C 00020 0000000C 00000020 0000000F 00000004 00000000 00000000 00000000 0011000F 00000000 0000000D 00000000 00000000 00000000 00000000 000007F7 0000002C 
01D 00230 0000001B 00000020 0000000F 00000004 00000000 00000000 00000000 0011000F 00000000 0000000D 00000000 00000000 00000000 00000000 000007F7 0000002C 
01E 09100 0000001B 00000032 0000001F 00000004 00000000 00000000 00000000 0011000F 00000000 0000000D 00000000 00000000 00000000 00000000 000007F7 0000002C 
032 00EE1 0000001B 00000003 0000001F 00000004 00000000 00000000 00000000 0011000F 00000000 0000000D 00000000 00000000 00000000 00000000 000007F7 0000002C 
034 00730 0000001B 00000003 0000001F 00000004 00000000 00000000 00000000 0011000F 00000000 0000000D 00000000 00000000 00000000 00000000 000007FA 0000002C 
035 06771 0000001B 00000010 0000001F 00000004 00000000 00000000 00000000 0000001F 00000000 0000000D 00000000 00000000 00000000 00000000 000007FA 0000002C 
037 00772 0000001B 00000010 0000001F 00000004 00000000 00000000 00000000 001F0000 00000000 0000000D 00000000 00000000 00000000 00000000 000007FA 0000002C 
038 14701 0000001B 0000000A 0000001F 00000004 00000000 00000000 00000000 001F001F 00000000 0000000D 00000000 00000000 00000000 00000000 000007FA 0000002C 
03A 09F00 0000001B 0000000A 0000001F 00000004 00000000 00000000 00000000 001F001F 00000000 0000000D 00000000 00000000 00000000 00000000 000007FA 0000002C 
02C 103E1 0000001B 00000000 0000001F 00000004 00000000 00000000 00000000 001F001F 00000000 0000000D 00000000 00000000 00000000 00000000 000007FA 0000002C 
02E 10FE1 0000001B 00000001 0000001F 00000006 00000000 00000000 00000000 001F001F 00000000 0000000D 00000000 00000000 00000000 00000000 000007FA 0000002C 
030 10AE1 0000001B 00000002 0000001F 00000006 00000000 00000000 00000000 001F001F 00000000 0000000D 00000000 00000000 00000000 00000000 000007FA 00000025 
032 00EE1 0000001B 00000003 0000001F 00000006 00000000 00000000 00000000 001F001F 00000000 0000000D 00000000 00000000 00000000 00000000 000007FA 00000025 
034 00730 0000001B 00000003 0000001F 00000006 00000000 00000000 00000000 001F001F 00000000 0000000D 00000000 00000000 00000000 00000000 000007FD 00000025 
035 06771 0000001B 00000010 0000001F 00000006 00000000 00000000 00000000 00000021 00000000 0000000D 00000000 00000000 00000000 00000000 000007FD 00000025 
037 00772 0000001B 00000010 0000001F 00000006 00000000 00000000 00000000 00210000 00000000 0000000D 00000000 00000000 00000000 00000000 000007FD 00000025 
038 14701 0000001B 0000000A 0000001F 00000006 00000000 00000000 00000000 0021001F 00000000 0000000D 00000000 00000000 00000000 00000000 000007FD 00000025 
03A 09F00 0000001B 0000000A 0000001F 00000006 00000000 00000000 00000000 0021001F 00000000 0000000D 00000000 00000000 00000000 00000000 000007FD 00000025 
025 103E1 0000001B 00000000 0000001F 00000006 00000000 00000000 00000000 0021001F 00000000 0000000D 00000000 00000000 00000000 00000000 000007FD 00000025 
027 01331 0000001B 00000002 0000001F 00000007 00000000 00000000 00000000 0021001F 00000000 0000000D 00000000 00000000 00000000 00000000 000007FD 00000025 
029 0FF10 0000001B 00000011 0000001F 00000005 00000000 00000000 00000000 0021001F 00000000 0000000D 00000000 00000000 00000000 00000000 000007FD 00000025 
011 00EE1 0000001B FFFFFFFD 0000001F 00000005 00000000 00000000 00000000 0021001F 00000000 0000000D 00000000 00000000 00000000 00000000 000007FD 0000002C 
013 11AE1 0000001B 00000002 0000001F 00000005 00000000 00000000 00000000 0021001F 00000000 0000000D 00000000 00000000 00000000 00000000 000007FA 0000002C 
015 11FE1 0000001B 00000001 0000001F 00000005 00000000 00000000 00000000 0021001F 00000000 0000000D 00000000 00000000 00000000 00000000 000007FA 0000002C 
017 113E1 0000001B 00000000 0000001F 00000005 00000000 00000000